3
43 75 34
85 35 9
64 41 53
8
297 395 101 46 242 161 263 260
195 437 370 331 92 248 458 371
310 437 96 266 84 208 409 30
122 61 343 22 267 245 191 294
332 102 74 281 297 195 470 162
500 276 20 424 248 493 30 107
304 265 308 136 309 382 36 475
250 56 228 325 270 211 13 202
10
133 291 66 334 193 310 316 368 421 292
67 86 458 303 186 63 417 473 55 8
142 419 190 449 192 489 368 66 208 87
454 109 190 234 93 51 270 279 202 273
6 310 111 271 192 103 301 233 324 126
60 261 118 235 178 326 184 425 308 82
11 475 180 256 308 115 427 460 129 214
456 187 98 2 183 267 145 479 442 264
317 122 400 389 145 358 404 339 395 326
432 200 383 63 348 59 197 132 367 408